[gd_scene load_steps=9 format=3 uid="uid://cwrp15ca0bvxo"]

[ext_resource type="PackedScene" uid="uid://c84rh28vj2r3d" path="res://res/3d/rooms/main_room/final_room.tscn" id="1_pnyeg"]
[ext_resource type="PackedScene" uid="uid://i7ji3diu54b7" path="res://obj/entity/hero/hero.tscn" id="2_ghxkw"]
[ext_resource type="PackedScene" uid="uid://bw7yjilr41vy4" path="res://obj/entity/pc/Pc.tscn" id="3_1jcsm"]
[ext_resource type="PackedScene" uid="uid://cqkdus5ccsbyh" path="res://obj/entity/customer/Customer.tscn" id="4_qcwsf"]
[ext_resource type="PackedScene" uid="uid://cgiw8gtotym7x" path="res://obj/entity/orderController/OrderEntity.tscn" id="5_ng5hm"]
[ext_resource type="Script" path="res://scenes/game_scenes/clock_start.gd" id="6_48x5y"]
[ext_resource type="PackedScene" uid="uid://i2swoon345ek" path="res://res/3d/objs/clock/clock_1.tscn" id="7_5ml41"]
[ext_resource type="FontFile" uid="uid://x8f300swyb01" path="res://res/fonts/zx_spectrum-7_bold.ttf" id="8_4dcu6"]

[node name="Scene" type="SingleHeroScene"]
triggers_container_path = NodePath("Triggers")

[node name="FinalRoom" parent="." instance=ExtResource("1_pnyeg")]

[node name="Triggers" type="Node" parent="."]

[node name="CameraState1" type="TriggerCamera" parent="Triggers"]
OutsideDeltaChange = true
RotationCameraChange = true
RotationCamera = Vector3(-3, 169, 0)
TargetPathChange = true
TargetPath = NodePath("State1")
is_repeat = true
next_trigger = NodePath("../../ECamera/TriggerSound")

[node name="State1" type="Marker3D" parent="Triggers/CameraState1"]
transform = Transform3D(-0.981627, -0.00998618, 0.190547, 0, 0.99863, 0.052336, -0.190809, 0.0513744, -0.980282, 2.109, 0.13, 0.37)

[node name="CameraState2" type="TriggerCamera" parent="Triggers"]
OutsideDeltaChange = true
RotationCameraChange = true
RotationCamera = Vector3(-11.6, 86, 0)
TargetPathChange = true
TargetPath = NodePath("State2")
is_repeat = true
next_trigger = NodePath("../../ECamera/TriggerSound")

[node name="State2" type="Marker3D" parent="Triggers/CameraState2"]
transform = Transform3D(0.0697565, -0.224403, 0.971996, 9.12301e-10, 0.974371, 0.224951, -0.997564, -0.0156918, 0.0679686, 1.32963, 0.310314, -0.102437)

[node name="CameraState3" type="TriggerCamera" parent="Triggers"]
OutsideDeltaChange = true
RotationCameraChange = true
RotationCamera = Vector3(-10.5, 9.2, 0)
TargetPathChange = true
TargetPath = NodePath("State3")
is_repeat = true
next_trigger = NodePath("../../ECamera/TriggerSound")

[node name="State3" type="Marker3D" parent="Triggers/CameraState3"]
transform = Transform3D(1, 0, 0, 0, 1, 0, 0, 0, 0.999999, 2.104, 0.25, -0.97)

[node name="NextCustommer" type="TriggerNextCustomer" parent="Triggers"]
clock_path = NodePath("../../SuperClock")

[node name="TriggerClock" type="TriggerClock" parent="Triggers"]
is_repeat = true

[node name="ECamera" type="ECamera" parent="."]
transform = Transform3D(0.135716, -0.0777332, 0.987694, 0, 0.996917, 0.0784591, -0.990748, -0.0106482, 0.135298, 3.249, 0.455, -0.36)
target_path = NodePath("../Triggers/CameraState2/State2")
speed_scale = 2.0
target_rotation = Vector3(-13, 86, 0)
rotation_speed_scale = 200.0

[node name="TriggerSound" type="TriggerSound" parent="ECamera"]
sound = "res://res/sounds/crawl.wav"
speaker = NodePath("AudioStreamPlayer3D")
transform = Transform3D(0.135716, 1.86264e-09, -0.990748, -0.0777332, 0.996917, -0.0106482, 0.987694, 0.0784592, 0.135298, -0.79761, -0.204875, -3.19601)
is_repeat = true

[node name="AudioStreamPlayer3D" type="AudioStreamPlayer3D" parent="ECamera/TriggerSound"]

[node name="StartPos" type="Marker3D" parent="."]
transform = Transform3D(0.135716, -0.0777332, 0.987694, 0, 0.996917, 0.0784591, -0.990748, -0.0106482, 0.135298, 3.249, 0.455, -0.36)

[node name="Hero" parent="." instance=ExtResource("2_ghxkw")]
transform = Transform3D(1, 0, 0, 0, 1, 0, 0, 0, 1, 2, -0.743399, 0)

[node name="Pc" parent="." instance=ExtResource("3_1jcsm")]
transform = Transform3D(1, 0, 0, 0, 1, 0, 0, 0, 1, -0.0262033, -1.19209e-07, -0.0648999)

[node name="Customer" parent="." instance=ExtResource("4_qcwsf")]
transform = Transform3D(-1, 0, -8.74228e-08, 0, 1, 0, 8.74228e-08, 0, -1, 1.509, 0.214102, 1.88102)

[node name="OrderEntity" parent="." instance=ExtResource("5_ng5hm")]
transform = Transform3D(0.655, 0, 0, 0, 0.655, 0, 0, 0, 0.655, 1.6316, -0.159443, -1.90332)

[node name="SuperClock" type="SuperClock" parent="."]
custommer_entity_path = NodePath("../Customer")
order_entity_path = NodePath("../OrderEntity")
clock_path = NodePath("../clock1/Label3D")
transform = Transform3D(1, 0, 0, 0, 1, 0, 0, 0, 1, 6.66997, 0, 0)
script = ExtResource("6_48x5y")

[node name="clock1" parent="." instance=ExtResource("7_5ml41")]
transform = Transform3D(0.241549, 0, -0.970388, 0, 1, 0, 0.970388, 0, 0.241549, 2.58764, -0.446918, -1.75196)

[node name="Label3D" type="Label3D" parent="clock1"]
transform = Transform3D(0.358368, -0.762871, 0.538146, 0, 0.576432, 0.817145, -0.933581, -0.292839, 0.206575, -0.18798, 0.0782741, 0.137382)
modulate = Color(0.67451, 0.929412, 0.247059, 1)
text = "pin
us"
font = ExtResource("8_4dcu6")
